%%MatrixMarket matrix coordinate real general
21 64 116
21 1   0.0841991989879959
18 2  0.03919449837386089
19 2   0.1891943553227134
20 2   0.3391943910855004
21 2  0.04598885193900686
21 4  0.03525258024130253
21 6   0.1089558956904834
18 7  0.01080557315171285
19 7  0.01080557315171285
20 7  0.01080557315171285
21 7  0.03203406363773811
21 8  0.08455936883169478
11 10 0.002234137253049339
12 10    0.139194462611074
13 10   0.2891944983738609
14 10   0.4391943553227134
15 10   0.4891944268482872
16 10   0.4891944268482872
17 10   0.4891944268482872
18 10   0.4499999284744263
19 10   0.3000000715255737
20 10   0.1500000357627869
18 11  0.01080557315171281
19 11  0.01080557315171281
20 11  0.01080557315171281
21 11  0.03203406363773811
15 12  0.09999996423721318
16 12   0.2500000000000001
17 12   0.4000000357627869
18 12   0.4891944268482872
19 12   0.4891944268482872
20 12   0.4891944268482872
21 12  0.04598885193900684
11 16  0.00539524427200604
12 16  0.01080557315171288
13 16  0.01080557315171288
14 16  0.01080557315171288
15 16  0.01080557315171285
16 16  0.01080557315171285
17 16  0.01080557315171285
21 18   0.1090100406717785
21 19  0.08455936883169479
21 20   0.1090100406717786
11 22 0.005410328879706814
12 22   0.0108055731517128
13 22   0.0108055731517128
14 22   0.0108055731517128
15 22   0.0108055731517128
16 22   0.0108055731517128
17 22   0.0108055731517128
5 24  0.08919443578898387
6 24   0.2391944268482871
7 24    0.389194462611074
8 24   0.4891944268482872
9 24   0.4891944268482872
10 24   0.4891944268482872
11 24   0.4869602895952377
12 24   0.3499999642372131
13 24   0.1999999284744262
14 24  0.05000007152557369
8 25  0.04999998211860659
9 25   0.2000000178813935
10 25   0.3499999642372132
11 25   0.4869602895952376
12 25   0.4891944268482871
13 25   0.4891944268482871
14 25   0.4891944268482871
15 25    0.389194462611074
16 25   0.2391944268482873
17 25  0.08919439108550044
21 26   0.1089558956904834
21 27  0.08419919898799585
21 28  0.03525258024130259
5 32  0.01080557315171288
6 32  0.01080557315171288
7 32  0.01080557315171288
8 32  0.01080557315171285
9 32  0.01080557315171285
10 32  0.01080557315171285
11 32  0.00541032887970683
5 38   0.0108055731517128
6 38   0.0108055731517128
7 38   0.0108055731517128
8 38   0.0108055731517128
9 38   0.0108055731517128
10 38   0.0108055731517128
11 38 0.005395244272005987
1 43   0.4891944268482872
2 43   0.4891944268482872
3 43   0.4891944268482872
4 43   0.4891944268482872
5 43   0.3999999910593032
6 43                 0.25
7 43  0.09999996423721312
2 44   0.1500000022351742
3 44   0.3000000044703484
4 44   0.4500000178813934
5 44   0.4891944268482871
6 44   0.4891944268482871
7 44   0.4891944268482871
8 44   0.4391944447296807
9 44   0.2891944089668939
10 44   0.1391944626110742
11 44 0.002234137253049366
1 47  0.01080557315171285
2 47  0.01080557315171285
3 47  0.01080557315171285
4 47  0.01080557315171285
1 52   0.0108055731517128
2 52   0.0108055731517128
3 52   0.0108055731517128
4 52   0.0108055731517128
1 56   0.4891944268482871
2 56   0.3391944246131131
3 56   0.1891944223779389
4 56  0.03919440896689383
