%%MatrixMarket matrix coordinate real general
21 64 71
18 2  0.05000007152557373
19 2   0.1999999284744263
20 2   0.3499999642372131
21 2   0.4999999999999999
18 7 5.551115123125783e-17
19 7 5.551115123125783e-17
20 7 5.551115123125783e-17
21 7 1.110223024625157e-16
12 10   0.1500000357627869
13 10   0.3000000715255737
14 10   0.4499999284744263
15 10   0.4999999999999999
16 10   0.4999999999999999
17 10   0.4999999999999999
18 10   0.4499999284744262
19 10   0.3000000715255737
20 10   0.1500000357627868
15 12  0.09999996423721323
16 12   0.2500000000000001
17 12   0.4000000357627869
18 12                  0.5
19 12                  0.5
20 12                  0.5
21 12                  0.5
11 16 1.110223024625157e-16
12 16 1.110223024625157e-16
13 16 1.110223024625157e-16
14 16 1.110223024625157e-16
5 24   0.1000000089406967
6 24   0.2499999999999999
7 24   0.4000000357627868
8 24   0.4999999999999999
9 24   0.4999999999999999
10 24   0.4999999999999999
11 24   0.4999999999999999
12 24    0.349999964237213
13 24   0.1999999284744262
14 24  0.05000007152557362
8 25  0.04999998211860662
9 25   0.2000000178813935
10 25   0.3499999642372132
11 25                  0.5
12 25                  0.5
13 25                  0.5
14 25                  0.5
15 25   0.4000000357627869
16 25   0.2500000000000001
17 25  0.09999996423721325
5 32 1.110223024625157e-16
6 32 1.110223024625157e-16
7 32 1.110223024625157e-16
1 43   0.4999999999999999
2 43   0.4999999999999999
3 43   0.4999999999999999
4 43   0.4999999999999999
5 43   0.3999999910593032
6 43   0.2499999999999999
7 43  0.09999996423721308
2 44   0.1500000022351742
3 44   0.3000000044703484
4 44   0.4500000178813934
5 44                  0.5
6 44                  0.5
7 44                  0.5
8 44   0.4500000178813935
9 44   0.2999999821186067
10 44    0.150000035762787
1 56   0.5000000000000001
2 56   0.3499999977648259
3 56   0.1999999955296518
4 56  0.04999998211860668
